20
40
66
31
16
280
212
8
6
28
6
12
150
176
119
26
2
20
66
114
84
24
8
182
1
10
66
138
6
6
2
20
68
3
8
6
98
192
176
79
3
76
15
30
336
6
96
168
70
32
38
2
14
20
192
1
16
18
85
472
68
7
364
165
80
345
36
70
45
430
414
6
14
6
400
6
16
295
14
195
6
168
7
2
48
24
2
2
4
455
240
248
154
33
16
99
35
32
30
455
4
12
110
4
80
63
15
16
80
25
32
20
435
5
1
28
120
100
24
297
40
216
108
252
534
60
66
144
8
4
1
24
42
77
35
164
3
5
45
30
294
296
276
18
30
1
184
120
104
8
9
42
9
8
156
8
64
4
24
182
21
357
4
21
24
24
66
28
104
90
12
21
64
7
88
60
56
55
3
42
24
4
4
87
4
16
25
126
82
7
216
7
33
24
11
25
2
6
70
48
30
6
4
7
6
4
18
1
1
51
8
104
35
24
6
2
35
44
20
216
217
71
5
244
36
228
120
658
198
10
60
20
5
3
9
138
18
77
2
2
5
174
7
12
96
4
116
27
85
50
12
48
144
77
18
448
30
8
3
4
416
16
21
4
399
616
384
35
680
228
44
6
16
14
350
3
48
9
144
144
8
28
144
215
7
8
28
7
42
6
104
12
15
4
89
365
18
21
12
54
6
95
48
5
123
104
324
10
496
204
20
119
15
336
6
8
8
48
60
22
18
8
28
7
6
219
10
208
320
4
48
4
168
144
336
54
402
2
15
78
18
2
2
258
8
464
145
6
20
30
354
203
6
168
69
182
2
54
2
10
74
280
3
16
15
420
5
3
110
36
496
10
44
12
28
42
14
10
201
58
168
15
84
108
234
24
170
145
6
318
21
72
28
78
136
72
216
126
42
12
287
32
6
5
224
272
2
8
12
7
378
2
182
3
53
52
10
20
128
8
40
30
9
441
96
45
84
5
245
2
320
8
16
4
8
43
12
12
16
294
8
2
4
25
48
32
162
12
56
42
10
704
2
12
10
20
18
11
150
420
14
85
5
24
20
28
36
84
4
456
29
12
450
60
99
2
88
24
24
60
345
320
140
78
207
27
275
322
4
136
4
16
4
30
174
3
40
525
12
66
60
8
40
130
3
342
80
2
14
240
84
1
21
32
1
18
45
12
45
64
6
34
95
468
72
343
63
16
98
6
8
8
77
85
189
5
24
6
1
44
7
8
136
140
2
21
100
50
8
258
18
8
9
15
220
10
8
304
182
91
50
30
2
6
20
8
4
510
104
8
6
608
12
14
168
8
6
178
38
70
6
140
1
430
104
85
6
25
268
77
15
2
160
290
5
32
1
680
48
72
3
504
12
180
744
288
50
7
16
35
8
56
20
8
35
9
22
3
192
84
48
200
420
5
54
198
188
16
8
14
3
10
324
24
126
12
234
56
4
190
2
30
10
69
1
6
18
40
10
150
6
36
16
18
273
81
28
225
8
72
186
8
35
244
7
5
120
28
312
70
18
20
36
105
184
96
48
18
462
5
27
280
147
7
2
20
175
38
213
216
126
264
24
5
20
39
147
3
4
42
8
380
236
104
60
24
24
210
2
240
4
84
164
3
85
60
4
8
280
65
184
644
480
2
225
18
56
192
16
39
8
2
3
40
3
49
147
30
8
3
9
8
595
14
40
84
65
80
261
5
37
36
24
486
120
7
42
216
144
476
24
64
56
84
324
270
416
25
118
36
21
3
170
70
222
124
266
15
312
72
24
110
7
6
9
184
5
4
2
4
12
78
196
30
3
45
60
8
98
1
108
3
42
38
66
600
68
5
406
204
104
4
6
14
220
175
290
340
245
291
80
5
7
24
176
318
498
2
5
469
24
78
368
48
42
24
204
44
6
3
21
22
150
474
144
252
2
10
42
184
18
32
10
246
98
5
3
15
136
161
182
238
3
96
72
180
648
12
114
80
42
105
154
4
2
128
6
70
6
18
75
5
110
42
80
84
19
16
6
4
10
36
8
656
85
34
51
186
413
66
32
30
8
63
95
330
8
2
124
66
10
154
133
7
3
3
8
8
10
46
7
3
4
20
6
21
31
495
77
154
18
5
48
12
9
100
48
370
348
25
54
3
24
50
24
3
130
182
102
152
138
45
171
136
24
80
11
33
225
20
276
504
40
43
102
154
8
6
110
240
2
38
35
372
20
24
50
2
78
225
1
6
6
648
21
252
22
120
20
10
15
20
15
315
644
5
2
3
2
2
