6
144
-147
56
8
-45
32
41
12
24
24
92
190
8
-129
16
6
1
296
295
24
468
300
7
8
144
-14
-5
6
6
-110
36
20
180
7
21
3
14
-5
216
1
23
1
7
91
65
312
32
2
156
-80
432
63
328
434
-16
78
10
168
138
40
360
20
88
-12
4
522
120
9
98
162
8
4
102
14
264
13
84
4
8
17
12
1
35
44
12
305
632
332
140
30
90
3
4
112
105
57
21
-238
608
4
64
20
144
14
306
-20
180
7
3
364
32
36
16
-38
2
20
24
32
100
-49
-497
-120
56
36
85
2
366
28
84
161
2
14
-30
190
24
5
315
54
390
24
3
-2
153
-100
427
4
88
152
-45
-4
28
6
392
752
8
182
12
51
12
40
30
9
462
228
-80
-6
150
62
62
12
225
3
90
182
240
18
264
-252
14
6
7
1
-6
2
180
7
3
456
704
16
-356
4
390
8
273
-328
364
8
72
3
511
17
558
3
28
65
9
21
8
6
12
39
50
1
35
-22
120
70
-48
558
2
219
504
42
8
51
4
40
21
18
201
126
22
265
30
-792
14
9
7
760
40
116
95
27
6
-345
426
84
672
-12
48
30
90
6
215
4
7
6
5
30
648
2
38
22
40
10
8
7
26
40
42
189
7
450
343
160
15
30
54
592
212
72
60
112
474
126
248
10
340
329
36
54
400
205
-1
55
-126
68
48
90
15
28
480
82
126
8
5
8
15
116
112
64
15
42
77
24
51
18
68
18
80
498
6
108
3
48
68
12
268
68
2
204
6
48
-4
28
3
133
189
55
80
84
123
-102
28
36
112
175
-6
78
65
14
147
344
72
3
1
560
8
40
51
2
546
2
60
136
2
24
27
102
-18
16
105
-16
33
40
14
259
96
546
2
56
122
105
28
12
92
-546
14
123
516
5
-16
7
136
5
297
12
256
6
7
-336
90
24
40
70
42
-6
6
4
3
91
343
15
6
28
90
28
205
304
-216
-125
-24
92
3
-92
8
128
164
78
21
10
49
196
35
370
-5
68
364
19
-8
16
-16
77
15
5
21
69
216
4
312
225
57
2
12
18
60
63
64
141
324
43
448
13
84
80
112
16
115
5
8
6
40
10
-20
6
6
-420
10
12
77
308
53
30
12
264
-21
21
6
53
28
78
203
156
42
2
135
2
546
-70
112
64
6
9
11
664
4
40
28
68
240
-14
10
6
6
18
15
440
3
410
46
30
644
24
-22
-22
-70
9
4
12
238
114
120
80
6
108
8
-5
128
30
49
30
624
8
-8
24
18
27
220
204
120
18
12
30
4
44
124
14
16
-4
1
50
-7
16
8
110
14
12
-7
30
35
40
7
7
245
5
21
12
24
176
80
16
8
12
150
12
336
33
30
12
16
56
91
6
15
234
84
-24
32
42
32
-81
357
69
12
213
216
16
20
399
1
90
21
315
15
232
12
45
120
12
14
133
160
6
56
504
55
50
75
344
130
6
30
91
-232
8
36
21
28
-27
140
18
68
84
21
1
-16
24
1
45
96
10
32
80
10
8
-203
14
24
6
1
10
24
7
2
64
85
217
-2
68
30
63
14
44
6
3
-36
2
108
22
70
24
665
30
63
31
104
10
27
-14
12
7
16
3
55
7
72
24
70
174
49
21
21
495
21
76
12
63
172
216
150
14
32
345
7
66
7
12
40
305
1
168
96
96
2
1
-18
6
126
275
84
12
119
4
10
56
328
14
-4
210
-8
5
12
-6
18
72
399
504
28
160
18
25
24
48
14
12
8
588
10
210
155
48
160
72
-32
11
156
12
7
12
273
72
51
2
32
44
128
104
546
160
357
180
196
104
70
252
24
3
90
77
60
220
7
228
7
144
14
57
40
21
20
472
91
63
56
261
150
10
60
-36
406
9
8
4
5
255
24
102
17
30
2
210
6
24
15
21
-4
60
8
368
90
5
3
168
192
24
68
9
656
150
51
576
9
70
176
272
26
368
48
4
32
15
335
4
3
4
42
91
56
448
20
7
250
28
140
6
54
-68
1
-8
1
63
1
17
-6
3
-35
5
15
3
651
128
25
2
18
64
-216
18
80
42
12
30
148
4
16
3
7
1
54
142
42
-8
156
70
24
588
-75
12
-4
30
96
24
56
16
4
99
5
6
115
5
5
18
12
40
287
6
10
126
4
-408
114
-4
8
210
48
63
413
7
504
8
-8
6
164
16
40
2
12
-77
150
40
216
-40
21
-4
25
192
150
312
6
12
48
84
18
-7
-156
7
212
53
78
27
100
12
39
37
6
20
16
5
39
7
-100
14
30
56
20
30
-14
8
12
105
6
8
18
180
2
36
91
4
25
